T0_1
[1 0 0 0;0 1 0 0;0 0 1 379;0 0 0 1]
T0_2
[0 -1 0 384;1 0 0 0;0 0 1 379;0 0 0 1]
T0_3
[1 0 0 384;0 1 0 0;0 0 1 1053;0 0 0 1]
T0_4
[0 -1 0 684;0 0 -1 0;1 0 0 1053;0 0 0 1]
T0_5
[1 0 0 684;0 0 -1 -375;0 1 0 882;0 0 0 1]
T0_6
[1 0 0 684;0 -0.707 -0.707 -375;0 0.707 -0.707 882;0 0 0 1]
T0_7
[1 0 0 684;0 0 -0.999698 -465.986658;0 0.999698 0 882;0 0 0 1]
T0_8
[1 0 0 684;0 0 -0.999698 -630.936828;0 0.999698 0 882;0 0 0 1]




T0_1
[1 0 0 0;0 1 0 0;0 0 1 379;0 0 0 1]
T1_2
[0 -1 0 384;1 0 0 0;0 0 1 0;0 0 0 1]
T2_3
[0 1 0 0;-1 0 0 0;0 0 1 674;0 0 0 1]
T3_4
[0 -1 0 300;0 0 -1 0;1 0 0 0;0 0 0 1]
T4_5
[0 1 0 -171;-1 0 0 0;0 0 1 375;0 0 0 1]
T5_6
[1 0 0 0;0 0.707 -0.707 0;0 0.707 0.707 0;0 0 0 1]
T6_7
[1 0 0 0;0 0.707 0.707 64.347;0 -0.707 0.707 64.347;0 0 0 1]
T7_8
[1 0 0 0;0 1 0 0;0 0 1 165;0 0 0 1]




Jacobian
[630.936828 630.936828 630.936828 171 0 -180.947337396 0 0;684 300 300 0 0 0 0 0;0 0 0 0 0 0 0 0;0 0 0 0 0 0 0 0;0 0 0 -1 -1 -0.707 -0.999698 -0.999698;1 1 1 0 0 -0.707 0 0]